15
0.9159731751 0.3837498303 0.0744105789 0.4970178259 0.4577730390 0.3800331598 0.3638598730 0.5339975153 0.2762986729 0.6747388324 0.4867314013 0.1065933749 0.5354060256 0.6162355807 0.5311990300
0.0178252012 0.9516629834 0.4345051308 0.0352492636 0.6946052322 0.5850272669 0.8353387209 0.4577701468 0.0768818354 0.3440830452 0.8932061343 0.6123217784 0.0537009463 0.0275217984 0.0354306856
0.4306845734 0.7568851348 0.9159363123 0.6104981486 0.4437890811 0.6763495163 0.0266289252 0.3897735346 0.7943888057 0.8706450997 0.1490185569 0.3645946152 0.4288453620 0.5121397879 0.6893634115
0.3696565719 0.3546534671 0.6283176375 0.1708990517 0.3887972718 0.4958403314 0.1789975024 0.9591249129 0.8807383270 0.7301328118 0.5438425360 0.4118543200 0.1000318240 0.1497922870 0.0853518292
0.1897765072 0.1824087269 0.4522764959 0.6995966295 0.9056617865 0.7139193204 0.6373937873 0.1702829616 0.6389736641 0.6097023845 0.8643745456 0.7012935922 0.0975345988 0.3909142277 0.4052912343
0.2186819847 0.3690251452 0.3672944529 0.1205169040 0.9051615837 0.2724786785 0.8080408259 0.7774197194 0.9584540205 0.2935667343 0.9151102439 0.8352487778 0.7494298885 0.9673534710 0.3007589563
0.0271742057 0.3967963306 0.3583292361 0.7150798606 0.1847029764 0.2721560077 0.9799176106 0.9694903473 0.2701983774 0.1025820758 0.0942819349 0.3585692138 0.5099906833 0.1474242758 0.8381405604
0.3953369463 0.8535725053 0.3918815972 0.0314329597 0.3440183216 0.7236316801 0.8219472602 0.8430616889 0.8595222650 0.1671813990 0.6236518828 0.7115674248 0.0243185975 0.0698053650 0.5841013373
0.0484780585 0.2110872215 0.0530438463 0.0626259129 0.2882048611 0.4934600323 0.0392038345 0.6474275453 0.7907418449 0.7773716105 0.2383846917 0.0164328523 0.9520572462 0.4319797471 0.4892683451
0.5806289967 0.6319490714 0.9618124244 0.4682308444 0.2039806424 0.6702687081 0.1807429470 0.2705901938 0.6660961962 0.8298006903 0.4235903448 0.2633125088 0.5621317292 0.9777181160 0.5625876855
0.9102575221 0.0189914049 0.6974171350 0.9836556332 0.4790507699 0.9477037874 0.8086660701 0.2213647772 0.1529290723 0.5489232413 0.4663878595 0.6516647025 0.0914128204 0.4418263011 0.6070272735
0.4979037669 0.4104163342 0.0962430981 0.5163369826 0.4183584590 0.8854163432 0.2136842888 0.2035497331 0.1124365398 0.4205551206 0.3249941113 0.0842862476 0.7079139242 0.9720637594 0.1506805928
0.1981818219 0.1730097272 0.6661480893 0.2045444186 0.8170966443 0.6348002511 0.3094881033 0.7120478022 0.8359086882 0.2794170368 0.3547592282 0.1619356871 0.7802697947 0.4596701893 0.6540915552
0.7129411654 0.6143391265 0.7421829080 0.0101416058 0.2369781336 0.7863906338 0.8888187601 0.6174577887 0.9960436715 0.1113241489 0.1861287350 0.9760798434 0.8221235936 0.1564923008 0.1117397733
0.7548195886 0.1977146780 0.7708886177 0.0580527198 0.3834281552 0.8191473902 0.2776246470 0.7213119387 0.8608629635 0.0657131097 0.6357569927 0.8080549499 0.3811255558 0.2946707456 0.5699076971
0.9111454795 0.8986486798 0.0355267918 0.2647547091 0.7640384728 0.6819694908 0.9665547492 0.7263511988 0.5946208736 0.2374330742 0.0223387252 0.3233662326 0.9689181611 0.7239287073 0.1031970637

